100
5 700044
6 9000041
6 0000281
6 3074276
6 0122011
6 2004001
6 0000001
6 1020201
5 800901
4 00006
1 11
6 2020122
6 4235317
6 0340001
0 1
1 47
3 2112
4 11111
6 1447287
6 0926198
6 1121122
6 0211101
0 2
4 00011
5 765795
6 5000031
6 0400001
6 9900041
4 11212
6 0000001
6 0000001
6 7060001
5 110011
2 501
0 6
6 8408487
5 000001
6 5035439
0 1
6 1470001
6 1212122
6 0200001
2 001
6 2212121
4 00001
2 001
6 2090001
6 0300001
1 05
5 961204
6 4861134
6 6000001
6 0070072
6 0000001
2 111
6 1202202
6 0000401
6 0000081
6 0010009
2 915
6 1121111
2 001
6 0001701
6 0000001
1 09
6 4010091
6 9999999
6 1111111
5 896069
6 4000401
0 1
6 6050001
4 11111
2 102
6 0500003
2 374
2 601
6 3357761
6 7397727
6 0271042
6 3006001
6 6000001
0 1
6 1900504
0 1
6 5270901
2 001
0 8
6 4500001
4 01122
6 0000009
6 2188623
6 0111221
6 0010021
6 6070001
5 120111
3 9601
0 1
0 9
6 1402081
